---
1C567E244FB970E6835C69E053AF4A56:
  login_at: 2018-05-16 22:50:08.599336423 -07:00
  num_logins: 1
  consented_at: 2018-05-16 22:50:10.577605436 -07:00
